50
120 91 51 48 73 85 80 87 80 52 53 59 61 87 64 88 55 59 47 80 80 85 78 76 58 65 73 50 57 60 50 63 80 78 76 66 91 74 85 67 92 73 87 68 86 90 92 71 52 70 56 69 68 57 78 75 50 48 79 55 83 68 73 84 59 75 65 73 60 48 64 76 56 79 49 46 51 90 90 85 55 54 63 55 71 90 62 71 66 61 82 60 56 91 56 47 51 72 59 59 61 77 68 60 48 62 80 50 72 78 63 65 59 49 52 78 57 69 88 73 82
117 0 0 0 0 0 0 0 0 0 0 0 0 0 0 0 0 0 0 0 0 0 0 0 0 0 0 0 0 0 91 0 0 0 0 0 0 0 0 0 0 0 0 0 0 0 0 0 0 0 0 0 0 0 0 0 0 0 0 0 0 0 0 0 0 0 0 0 0 0 0 0 0 0 0 0 0 0 0 0 0 0 0 0 0 0 0 0 0 0 0 0 0 0 0 0 0 0 0 0 0 0 0 0 0 0 0 0 0 0 0 0 0 0 0 0 0 0
176 22 22 22 22 22 22 22 22 22 22 22 22 22 22 22 22 22 22 22 22 22 22 22 22 22 22 22 22 22 22 22 22 22 22 22 22 22 22 22 22 22 22 22 22 22 22 22 22 22 22 22 22 22 22 22 22 22 22 22 22 22 22 22 22 22 22 22 22 22 22 22 22 22 22 22 22 22 22 22 22 22 22 22 22 22 22 22 22 22 22 22 22 22 22 22 22 22 22 22 22 22 22 22 22 22 22 22 22 22 22 22 22 22 22 22 22 22 22 22 22 22 22 22 22 22 22 22 22 22 22 22 22 22 22 22 22 22 22 22 22 22 22 22 22 22 22 22 22 22 22 22 22 22 22 22 22 22 22 22 22 22 22 22 22 22 22 22 22 22 22 22 22 22 22 22 22
113 98 98 1 98 0 0 98 1 0 0 97 1 98 98 97 1 98 1 0 1 1 97 1 1 0 97 0 97 97 98 0 98 97 97 1 0 0 98 0 1 97 1 0 98 98 97 0 0 1 0 98 0 97 98 97 1 98 1 98 0 0 98 0 1 98 98 97 1 1 98 98 1 98 97 98 0 97 98 97 0 97 97 1 97 98 1 0 98 0 97 0 1 97 1 0 0 98 1 98 97 0 0 97 0 98 1 97 0 97 0 1 97 98
89 4 2 98 14 19 18 99 20 22 50 19 61 38 43 69 77 59 20 4 63 57 95 33 46 47 27 92 71 48 67 60 8 31 7 19 79 8 45 70 85 55 27 63 79 34 41 86 3 99 64 17 25 19 82 57 50 13 24 30 82 22 71 64 8 0 83 87 62 96 72 25 49 65 21 11 91 42 38 85 49 10 96 94 39 50 23 45 14 92
146 48 49 48 50 48 48 49 48 47 48 46 50 48 47 50 49 47 49 49 48 47 100 49 48 50 50 48 47 50 49 49 49 49 47 46 46 50 48 48 46 50 49 49 48 47 49 50 49 48 49 48 47 47 46 46 46 47 50 47 47 50 48 48 48 49 50 47 47 46 47 48 49 48 48 47 46 47 46 48 50 46 48 49 48 50 46 48 47 46 47 49 47 46 50 47 49 46 46 50 46 48 48 49 50 48 49 50 46 49 48 48 47 49 47 47 46 50 49 48 46 48 46 46 46 48 46 48 50 50 49 49 50 47 49 47 49 49 50 49 49 47 49 46 48 47 47
2 34 86
108 87 4 81 22 22 69 90 6 37 75 82 85 52 39 32 7 64 12 77 47 61 50 65 68 47 4 76 36 71 99 69 99 25 96 25 56 39 54 88 59 54 83 17 48 43 10 94 13 33 61 51 60 25 77 64 34 96 21 56 23 54 51 33 52 89 27 48 20 38 72 92 23 84 52 61 77 48 63 44 84 39 86 73 88 57 72 33 44 73 65 60 61 37 35 6 25 44 68 85 15 90 96 88 46 52 46 1 29
168 50 49 50 49 50 49 49 50 50 49 49 50 49 50 49 49 49 49 49 49 49 49 50 50 50 50 49 50 50 50 50 49 49 50 50 50 49 49 49 50 49 49 49 50 49 49 50 50 50 50 50 50 50 49 49 50 50 49 49 49 50 49 49 49 49 49 50 50 50 50 50 49 49 50 50 49 49 49 50 50 49 49 49 100 50 49 50 49 49 50 49 49 50 49 50 49 50 49 49 50 50 49 49 49 49 50 50 49 49 50 49 49 49 49 50 49 50 49 49 50 49 49 49 49 50 49 50 49 50 50 50 49 50 50 50 50 50 50 49 50 50 49 50 50 49 49 49 50 49 49 49 49 50 49 49 49 49 50 50 49 49 50 50 49 49 50 50 49
151 0 0 84 0 0 0 84 1 84 1 84 85 85 1 84 85 85 0 84 84 0 1 0 84 1 0 1 84 0 84 0 84 1 85 84 85 1 1 1 85 0 1 0 1 1 84 85 1 1 0 84 84 85 84 84 85 1 0 0 0 84 84 84 85 1 0 0 0 1 1 85 0 84 84 85 85 85 85 85 85 84 85 84 85 1 85 0 0 0 84 84 0 84 84 1 0 0 0 84 0 1 84 1 0 1 85 84 85 84 84 84 84 84 0 0 1 1 84 1 85 84 84 84 1 0 84 1 84 1 84 0 1 1 1 85 84 0 84 0 84 0 84 0 84 0 0 0 1 0 84 84
116 80 43 59 79 82 55 63 55 45 83 54 52 83 72 55 76 51 67 72 62 47 80 68 53 80 66 68 50 45 69 72 50 48 71 67 74 62 64 45 45 52 53 72 68 70 62 52 60 44 77 74 52 74 61 76 73 57 84 81 52 61 61 44 58 79 82 54 77 57 84 83 81 75 79 44 61 69 73 57 51 83 69 52 52 66 69 65 44 69 68 53 67 84 46 64 84 75 78 64 78 83 59 43 71 53 79 65 62 75 45 44 60 81 53 75 53
2 29 36
174 48 50 48 50 46 47 47 50 48 50 49 50 48 46 50 50 49 47 49 48 48 50 50 48 47 49 46 49 46 48 49 49 48 46 48 50 46 50 46 50 49 49 50 50 47 49 50 48 46 46 49 46 50 46 47 46 47 49 48 50 49 46 49 48 48 49 50 50 50 46 46 46 46 48 48 48 47 47 48 48 50 46 47 47 50 49 48 46 47 50 50 50 47 49 49 49 50 46 50 49 49 48 47 50 48 48 50 48 47 46 47 49 49 49 48 50 50 46 46 46 49 49 100 50 46 49 48 49 50 47 46 47 48 49 47 49 50 50 48 48 50 50 48 47 50 46 49 47 47 46 50 48 46 49 46 49 48 47 47 49 47 50 48 49 47 48 46 46 50 50 48 49 50 47
2 2 1
149 0 0 0 0 0 0 0 0 0 0 0 0 0 0 0 0 0 0 0 0 0 0 0 0 0 0 0 0 0 0 0 0 0 82 0 0 0 0 0 0 0 0 0 0 0 0 0 0 0 0 0 0 0 0 0 0 0 0 0 0 0 0 0 0 0 0 0 0 0 0 0 0 0 0 0 0 0 0 0 0 0 0 0 0 0 0 0 0 0 0 0 0 0 0 0 0 0 0 0 0 0 0 0 0 0 0 0 0 0 0 0 0 0 0 0 0 0 0 0 0 0 0 0 0 0 0 0 0 0 0 0 0 0 0 0 0 0 0 0 0 0 0 0 0 0 0 0 0 0
119 0 0 98 0 1 0 1 98 1 0 98 0 0 98 1 1 99 98 98 99 99 99 99 98 98 0 98 99 0 0 99 0 98 99 1 99 99 98 99 99 1 99 98 0 99 99 98 0 98 1 1 1 99 1 99 99 99 98 98 99 98 99 98 98 0 99 98 1 0 1 0 1 99 0 99 1 0 0 0 1 1 98 0 0 1 1 1 0 98 0 0 1 1 0 98 0 99 1 98 99 0 1 1 0 99 99 98 1 98 98 98 99 0 0 0 98 1 98 0
195 79 79 80 80 79 0 79 1 1 80 0 1 1 80 79 1 80 0 0 79 0 1 0 79 80 1 1 80 0 0 0 1 0 1 80 79 80 79 79 79 0 0 80 79 0 80 1 0 1 80 0 80 80 0 79 79 1 79 1 0 79 0 0 0 79 80 80 79 0 79 79 80 79 80 79 0 80 1 80 1 1 80 0 1 1 80 79 80 1 79 79 0 0 0 0 80 0 1 0 0 80 0 1 80 0 80 0 79 1 79 80 79 79 0 1 80 0 80 0 0 80 79 0 80 1 80 1 0 1 0 80 80 0 0 80 80 0 1 1 0 80 79 0 1 79 79 0 0 79 79 0 0 80 79 80 80 1 79 80 0 80 79 80 80 80 1 79 80 1 80 0 79 1 0 1 0 0 80 79 80 1 0 79 0 79 1 79 80 0 1 80 0 0 1 79
110 42 50 34 39 37 43 40 44 100 34 42 41 34 38 45 41 49 50 42 50 47 45 40 34 48 41 34 35 44 39 47 42 40 41 49 38 36 49 42 46 39 35 36 33 46 36 46 48 41 39 39 49 36 44 40 37 50 35 41 42 38 34 37 39 41 33 37 42 46 38 50 47 46 45 47 35 39 36 42 34 45 42 33 45 37 47 48 49 43 39 37 46 44 41 35 50 49 33 43 43 40 40 50 44 48 35 40 50 44 34
2 61 61
2 0 19
130 40 72 50 64 44 54 54 51 68 62 66 71 46 50 55 44 44 69 62 46 48 38 63 41 63 67 55 48 39 73 38 46 38 73 65 76 47 58 43 72 42 67 71 44 55 47 70 69 74 48 52 44 52 49 56 52 68 45 71 43 67 41 40 58 75 72 47 52 71 60 50 65 54 73 68 46 62 66 62 69 56 70 62 52 40 52 74 47 66 76 65 75 59 55 62 43 42 70 71 74 50 60 64 40 56 54 61 65 54 40 74 60 69 47 51 51 71 69 67 45 55 54 60 76 52 49 76 75 41 47
90 76 90 40 80 30 22 53 9 31 11 45 99 95 92 75 68 92 10 29 94 39 100 85 76 93 50 22 88 18 41 58 100 88 22 48 77 87 18 58 83 13 8 70 52 21 40 23 29 40 77 5 22 36 62 56 4 93 47 33 46 98 71 79 34 10 48 42 91 2 70 23 32 69 66 73 42 43 77 88 45 89 74 45 87 18 4 2 47 68 47
111 40 41 41 38 37 44 42 49 38 43 42 38 42 44 41 44 37 47 39 48 45 40 40 50 46 40 46 44 48 44 46 47 49 39 47 50 41 40 37 42 48 50 46 37 38 49 37 40 38 40 39 38 41 42 38 39 43 47 40 49 47 47 47 40 48 40 49 41 50 44 49 41 45 45 42 41 41 47 40 43 50 100 38 38 45 49 40 40 50 50 44 45 47 49 47 44 47 39 40 39 49 45 42 39 43 45 46 50 41 38 48
162 50 49 49 49 50 49 50 50 100 49 50 50 50 50 49 49 49 50 50 50 49 49 49 50 49 49 50 50 50 50 49 50 49 50 50 49 50 49 50 50 49 50 49 49 49 49 49 50 49 49 49 49 49 50 49 50 49 49 49 50 50 50 50 49 50 49 50 50 49 50 50 50 50 50 49 49 49 49 50 50 49 49 50 50 50 50 49 50 50 49 50 50 49 50 50 50 49 49 49 50 50 49 50 50 50 49 49 49 50 49 49 49 50 49 49 50 50 50 50 50 50 49 50 50 50 49 49 49 49 50 50 49 50 50 50 49 50 50 49 49 49 49 49 49 49 49 49 49 49 49 50 50 49 50 49 50 50 49 49 50 50 50
187 42 58 48 57 42 49 55 50 55 73 45 75 64 43 72 72 72 75 54 47 77 70 55 44 58 55 47 56 80 40 74 42 56 58 80 42 76 78 79 76 66 42 55 53 49 76 65 45 68 45 72 45 53 63 43 47 40 41 54 50 58 40 57 44 78 79 49 66 56 40 77 79 62 74 56 68 62 60 53 80 78 55 73 64 46 51 78 51 56 79 66 67 41 68 77 40 42 79 69 65 62 44 67 68 42 69 72 54 50 50 49 66 54 49 63 78 63 60 53 77 68 78 72 53 69 44 68 53 78 56 52 45 70 70 41 48 41 69 55 46 59 68 72 45 52 56 42 60 75 67 62 73 60 58 54 60 54 56 78 61 65 79 78 52 49 70 44 66 68 69 48 70 49 75 50 46 47 75 48 61 43 79 62 49 40 68 44
191 0 0 0 0 0 0 0 0 0 0 0 0 0 0 0 0 0 0 0 0 0 0 0 0 0 0 0 0 0 0 0 0 0 0 0 0 0 0 0 0 0 0 0 0 0 0 0 0 0 0 0 0 0 0 0 0 0 0 0 0 0 0 0 0 0 0 0 0 0 0 0 0 0 0 0 0 0 0 0 0 0 0 0 0 0 0 0 0 0 0 0 0 0 0 0 0 0 0 0 0 0 0 0 0 0 0 0 0 0 0 0 0 0 0 0 0 0 0 0 0 0 0 0 0 0 0 0 0 0 0 0 0 0 0 0 0 0 0 0 0 0 0 0 0 0 0 0 0 0 0 0 0 0 0 0 0 0 0 0 0 0 0 0 0 0 0 0 0 0 0 0 0 0 0 0 0 0 0 0 0 0 0 0 0 0 0 0 0 0 0 63
176 66 64 70 54 52 49 68 57 65 79 58 59 69 87 73 57 65 77 71 49 71 68 62 58 45 46 88 67 80 48 50 83 77 73 44 54 70 57 54 48 48 61 52 52 55 74 52 61 84 63 50 59 49 51 64 85 86 88 51 63 73 45 87 50 68 77 69 64 74 76 76 52 73 88 69 44 63 70 77 54 59 63 64 53 61 71 50 54 44 74 86 72 45 84 65 74 60 71 79 79 50 75 76 72 86 86 57 66 73 55 65 79 85 54 88 88 77 50 47 54 80 70 83 63 74 44 44 73 78 86 55 62 56 82 50 56 45 48 71 76 48 59 65 48 65 69 85 61 66 81 50 69 79 64 47 47 75 88 69 46 78 64 79 60 72 48 72 81 51 77 82 88 69 59 70 72
76 72 10 81 78 31 4 46 73 64 97 39 31 61 52 5 96 74 46 36 33 4 55 11 41 59 78 32 46 52 14 13 73 23 36 100 67 93 45 77 59 76 48 14 69 33 43 42 38 3 11 77 4 70 46 71 57 73 43 71 9 31 8 54 20 58 45 40 26 72 50 15 10 89 61 11 59
197 67 1 0 1 0 68 68 68 1 67 1 68 0 1 1 1 1 68 67 0 1 68 68 68 0 68 1 68 0 0 68 67 67 1 68 0 67 68 68 0 1 1 68 1 1 68 0 1 0 68 68 0 0 68 0 1 68 68 0 0 1 68 68 1 67 1 0 68 0 67 68 0 68 0 67 1 0 68 68 0 1 68 68 68 68 67 68 0 0 0 1 67 68 67 0 67 67 1 0 67 1 68 68 67 0 68 67 68 68 1 67 67 1 67 1 1 0 67 68 1 1 68 0 1 1 1 0 67 67 0 68 67 0 0 67 67 1 68 0 1 67 67 68 0 67 1 68 68 1 1 1 1 1 0 68 68 68 68 0 1 67 0 1 68 0 1 68 1 0 1 67 68 1 68 67 67 1 67 1 0 0 67 1 1 68 1 68 68 0 67 1 1 67 68 68 67 67
2 96 64
2 57 67
113 0 76 0 76 1 1 1 75 75 0 0 75 75 0 1 75 1 75 0 0 75 76 76 76 0 75 75 1 75 0 0 76 1 1 76 1 75 0 0 76 76 76 75 75 76 1 1 75 1 76 1 0 1 0 75 75 75 75 1 0 0 76 1 75 1 1 75 75 0 1 76 0 75 0 1 1 75 1 75 75 75 1 75 0 75 1 1 76 76 0 75 76 1 76 76 1 1 76 76 1 76 1 1 0 1 75 76 1 76 75 76 1 0
165 0 0 68 69 0 0 0 68 1 1 69 0 1 0 69 69 1 1 1 68 1 69 68 0 68 69 0 0 69 1 69 69 68 1 1 69 68 69 68 69 1 1 68 0 68 68 69 68 0 68 0 0 69 68 1 68 1 0 1 0 68 68 68 1 69 68 69 68 69 1 69 68 69 68 69 0 0 68 1 1 0 0 1 69 1 69 68 69 0 1 68 1 69 1 1 1 1 0 1 68 69 1 0 69 1 68 0 0 0 69 1 0 0 69 68 0 69 1 69 68 69 0 68 0 1 0 69 1 0 1 69 1 1 0 68 0 0 69 69 69 68 1 1 68 68 68 69 68 68 69 69 68 68 0 1 0 68 69 68 0 68 0 1 1 1
191 0 0 0 0 0 0 0 0 0 0 0 0 0 0 0 0 0 0 0 0 0 0 0 0 0 0 0 0 0 0 0 0 0 0 0 0 0 0 0 0 0 0 0 0 0 0 0 0 0 0 0 0 0 0 0 0 0 0 0 0 0 0 0 0 0 0 0 0 0 0 0 0 0 0 0 0 0 0 0 0 0 0 0 0 0 0 0 0 0 0 0 0 0 0 0 0 0 0 0 0 0 0 0 0 0 0 0 0 0 0 0 0 0 0 0 0 0 0 0 0 0 0 0 0 0 0 0 0 0 0 0 0 0 0 0 0 0 0 0 0 0 0 0 0 0 0 0 0 0 0 0 0 0 0 0 0 0 0 0 0 0 0 0 0 0 0 0 0 0 0 0 0 0 0 0 0 0 0 0 0 0 0 0 0 0 0 0 0 60 0 0
2 18 29
164 0 0 0 0 0 0 0 0 0 0 0 0 0 0 0 0 0 0 0 0 0 0 0 0 0 0 0 0 0 0 0 0 0 0 0 0 0 0 0 0 0 0 0 0 0 78 0 0 0 0 0 0 0 0 0 0 0 0 0 0 0 0 0 0 0 0 0 0 0 0 0 0 0 0 0 0 0 0 0 0 0 0 0 0 0 0 0 0 0 0 0 0 0 0 0 0 0 0 0 0 0 0 0 0 0 0 0 0 0 0 0 0 0 0 0 0 0 0 0 0 0 0 0 0 0 0 0 0 0 0 0 0 0 0 0 0 0 0 0 0 0 0 0 0 0 0 0 0 0 0 0 0 0 0 0 0 0 0 0 0 0 0 0 0
122 0 0 0 0 0 0 0 0 0 0 0 0 0 0 0 0 0 0 0 0 0 0 0 0 0 0 0 0 0 0 0 0 0 0 0 0 0 0 0 0 0 0 0 0 0 0 0 0 0 0 0 0 0 0 0 0 0 0 0 0 0 0 0 0 0 0 0 0 0 0 0 0 0 0 0 0 0 0 0 0 0 0 0 0 0 0 0 0 0 0 0 0 0 0 0 0 0 0 0 0 0 0 0 0 0 0 0 0 0 0 0 67 0 0 0 0 0 0 0 0 0 0
2 52 95
185 0 82 82 1 0 1 83 83 82 83 82 1 82 0 0 83 0 83 83 1 0 0 83 1 82 82 1 83 1 83 0 83 0 83 82 82 82 1 1 83 0 0 83 83 82 83 82 82 0 1 1 0 82 1 83 1 82 1 83 0 0 0 0 1 0 83 83 82 1 83 83 83 1 1 0 82 83 83 1 0 82 1 83 83 1 83 83 0 0 82 82 0 1 83 83 0 0 1 82 0 82 1 0 82 82 1 1 0 0 83 1 83 83 83 0 0 0 82 83 1 83 83 83 82 82 83 1 82 1 0 0 1 83 1 0 82 83 83 1 82 1 0 1 83 1 83 1 82 0 0 82 1 82 1 82 83 83 83 82 1 1 0 1 83 1 1 83 82 0 0 83 83 1 82 83 0 1 82 0 0 0 1 0 83 82
164 43 43 45 41 42 42 46 42 41 44 44 40 49 38 50 47 42 50 44 48 43 38 49 50 50 100 40 45 42 41 50 40 49 50 41 43 45 42 38 45 38 47 48 45 38 49 43 49 38 50 38 43 44 44 48 39 48 49 48 43 49 44 39 50 44 44 40 39 50 46 40 44 42 43 48 43 41 38 38 42 42 45 48 45 45 42 50 48 45 43 38 49 48 48 38 38 43 49 49 42 47 49 47 43 38 49 50 43 49 46 42 48 38 50 47 40 38 44 42 47 49 47 38 49 44 39 48 39 48 50 39 43 46 43 50 42 49 40 41 45 39 49 44 42 47 49 47 44 49 45 45 46 39 44 49 44 47 43 46 48 39 47 50 43
176 96 31 53 1 19 31 70 65 18 70 43 77 0 39 14 15 40 49 83 14 82 89 25 67 14 63 60 53 49 44 53 63 84 39 38 7 71 80 77 71 84 25 22 18 6 80 52 57 89 10 73 85 68 28 53 67 36 36 32 25 53 52 96 47 22 71 57 68 95 46 15 82 37 67 30 38 39 86 43 95 81 0 58 44 43 77 92 85 75 14 65 90 22 57 32 34 8 60 9 10 33 9 73 26 33 33 83 53 65 9 46 100 1 77 65 3 38 75 77 48 85 24 0 96 33 10 32 83 57 84 90 53 97 39 52 99 50 18 24 15 71 38 46 37 39 65 22 6 79 27 40 68 23 38 69 10 45 97 77 36 4 18 52 29 26 43 65 1 51 81 41 1 95 70 20 33
129 1 0 29 95 51 63 5 85 31 59 17 40 34 41 10 88 6 46 99 100 68 76 86 85 88 53 96 30 8 80 89 10 77 87 59 15 55 9 4 41 84 83 89 4 2 92 93 53 26 79 54 33 78 88 95 36 49 56 48 79 82 58 91 37 40 11 30 29 7 39 44 54 42 68 20 64 71 27 85 9 75 4 86 14 16 54 87 21 71 75 99 2 38 31 53 80 74 81 48 35 100 86 70 71 1 89 51 4 44 87 94 79 15 21 17 99 91 67 9 85 20 67 50 10 78 77 4 47 84
133 72 71 71 0 72 71 71 71 0 72 71 1 71 71 71 0 71 72 72 1 1 0 0 1 1 1 71 1 1 1 1 71 72 72 72 0 1 71 71 72 71 1 71 1 0 1 0 72 72 0 72 72 71 0 72 71 1 72 72 1 1 1 72 71 72 72 0 0 1 72 72 0 1 71 0 71 71 1 0 1 72 71 0 1 72 72 0 0 71 0 0 1 72 1 0 72 1 72 71 71 71 0 71 1 1 1 1 71 1 1 0 1 0 72 72 1 1 0 1 1 71 72 1 71 0 0 1 71 0 71 72 71 72
176 0 0 0 0 0 0 0 0 0 0 86 0 0 0 0 0 0 0 0 0 0 0 0 0 0 0 0 0 0 0 0 0 0 0 0 0 0 0 0 0 0 0 0 0 0 0 0 0 0 0 0 0 0 0 0 0 0 0 0 0 0 0 0 0 0 0 0 0 0 0 0 0 0 0 0 0 0 0 0 0 0 0 0 0 0 0 0 0 0 0 0 0 0 0 0 0 0 0 0 0 0 0 0 0 0 0 0 0 0 0 0 0 0 0 0 0 0 0 0 0 0 0 0 0 0 0 0 0 0 0 0 0 0 0 0 0 0 0 0 0 0 0 0 0 0 0 0 0 0 0 0 0 0 0 0 0 0 0 0 0 0 0 0 0 0 0 0 0 0 0 0 0 0 0 0 0
2 11 73
2 4 83
2 93 88
185 84 87 53 71 53 64 86 51 85 84 89 80 72 94 48 91 60 55 93 84 57 65 81 82 79 88 64 53 63 92 55 72 49 55 78 56 90 69 96 84 57 68 96 70 62 52 77 91 72 79 68 88 63 85 93 79 55 93 83 75 58 50 69 81 60 53 93 84 88 66 54 81 95 48 95 67 83 90 69 51 64 71 79 65 76 81 77 49 75 64 60 66 94 53 84 63 96 68 89 81 79 56 74 70 82 51 71 51 66 82 66 94 91 92 65 57 56 58 71 79 90 88 86 88 48 77 75 57 69 60 73 69 86 79 79 78 76 94 67 71 61 71 49 62 89 88 87 79 63 87 61 54 88 66 84 61 59 96 79 86 63 88 87 88 61 86 73 58 88 91 92 55 74 52 85 73 72 94 48 85 60 89 91 78 48
200 100 100 100 100 100 100 100 100 100 100 100 100 100 100 100 100 100 100 100 100 100 100 100 100 100 100 100 100 100 100 100 100 100 100 100 100 100 100 100 100 100 100 100 100 100 100 100 100 100 100 100 100 100 100 100 100 100 100 100 100 100 100 100 100 100 100 100 100 100 100 100 100 100 100 100 100 100 100 100 100 100 100 100 100 100 100 100 100 100 100 100 100 100 100 100 100 100 100 100 100 100 100 100 100 100 100 100 100 100 100 100 100 100 100 100 100 100 100 100 100 100 100 100 100 100 100 100 100 100 100 100 100 100 100 100 100 100 100 100 100 100 100 100 100 100 100 100 100 100 100 100 100 100 100 100 100 100 100 100 100 100 100 100 100 100 100 100 100 100 100 100 100 100 100 100 100 100 100 100 100 100 100 100 100 100 100 100 100 100 100 100 100 100 100 100 100 100 100 100 100
196 0 0 0 0 0 0 0 0 0 0 0 0 0 0 0 0 0 0 0 0 0 0 0 0 0 0 0 0 0 0 0 0 0 0 0 0 0 0 0 0 90 0 0 0 0 0 0 0 0 0 0 0 0 0 0 0 0 0 0 0 0 0 0 0 0 0 0 0 0 0 0 0 0 0 0 0 0 0 0 0 0 0 0 0 0 0 0 0 0 0 0 0 0 0 0 0 0 0 0 0 0 0 0 0 0 0 0 0 0 0 0 0 0 0 0 0 0 0 0 0 0 0 0 0 0 0 0 0 0 0 0 0 0 0 0 0 0 0 0 0 0 0 0 0 0 0 0 0 0 0 0 0 0 0 0 0 0 0 0 0 0 0 0 0 0 0 0 0 0 0 0 0 0 0 0 0 0 0 0 0 0 0 0 0 0 0 0 0 0 0 0 0 0 0 0 0
