Case #1: 33.333333 66.666667
Case #2: 0.000000 100.000000
Case #3: 25.000000 25.000000 25.000000 25.000000
Case #4: 34.666667 26.666667 38.666667
Case #5: 0.000000 100.000000
Case #6: 42.406312 18.145957 39.447732
Case #7: 25.157233 0.000000 0.000000 24.528302 25.157233 25.157233 0.000000
Case #8: 0.753769 44.974874 50.000000 4.271357
Case #9: 16.666667 16.666667 16.666667 16.666667 16.666667 0.000000 16.666667
Case #10: 10.000000 10.000000 10.000000 10.000000 10.000000 10.000000 10.000000 10.000000 10.000000 10.000000
Case #11: 50.000000 50.000000
Case #12: 33.333333 66.666667
Case #13: 11.565553 11.974551 11.565553 10.952056 9.929561 10.952056 0.000000 11.974551 9.725062 11.361054
Case #14: 20.715037 20.715037 17.560463 18.822292 1.787592 20.399579
Case #15: 11.442953 10.268456 9.932886 6.912752 10.604027 8.255034 10.436242 12.617450 8.758389 10.771812
Case #16: 52.873563 47.126437
Case #17: 12.500000 0.000000 12.500000 12.500000 12.500000 12.500000 12.500000 12.500000 12.500000
Case #18: 14.285714 14.285714 14.285714 14.285714 14.285714 14.285714 14.285714
Case #19: 13.085106 14.148936 10.744681 15.638298 12.446809 12.234043 10.531915 11.170213
Case #20: 12.222222 12.630385 12.222222 12.222222 12.222222 12.018141 12.222222 12.426304 1.814059
