Case #1: 33.333333 66.666667
Case #2: 0.000000 100.000000
Case #3: 25.000000 25.000000 25.000000 25.000000
Case #4: 34.666667 26.666667 38.666667
Case #5: 23.221477 23.221477 6.442953 23.892617 23.221477
Case #6: 38.571429 61.428571
Case #7: 19.335793 13.062731 19.335793 27.822878 20.442804
Case #8: 0.000000 14.285714 14.285714 14.285714 14.285714 14.285714 14.285714 14.285714
Case #9: 0.000000 0.000000 0.000000 24.783550 25.216450 24.783550 25.216450
Case #10: 50.000000 50.000000
Case #11: 66.666667 33.333333
Case #12: 11.145648 13.277087 16.119005 13.809947 10.612789 9.191829 15.053286 10.790409
Case #13: 10.000000 10.000000 10.000000 10.000000 10.000000 10.000000 10.000000 10.000000 10.000000 10.000000
Case #14: 25.247525 24.752475 0.000000 24.752475 0.000000 25.247525 0.000000
Case #15: 100.000000 0.000000
Case #16: 14.018692 14.018692 13.551402 13.785047 1.635514 14.018692 13.785047 15.186916
Case #17: 16.666667 16.666667 16.666667 16.666667 16.666667 0.000000 16.666667
Case #18: 83.561644 16.438356
Case #19: 16.114650 24.713376 25.350318 18.662420 15.159236
Case #20: 12.500000 12.500000 12.500000 12.500000 12.500000 12.500000 12.500000 12.500000
